L,A,N,E
898.22,345.37
637.81,702.43
580.76,800.08
557.45,848.63
558.84,854.73
583.81,805.08
643.46,706.6
898.22,374.33
L,A,N,E
897.72,271.9
709.23,553.12
626.87,692.77
576.85,790.74
558.37,836.84
558.15,842.97
581.54,792.78
632.86,697.39
720.8,561.67
900.5,305.22
L,A,N,E
899.24,1185.2
801.15,1121
798.11,1146.3
900.5,1223.1
L,A,N,E
721.26,1065.9
675.25,1033.5
641.88,1020.9
640.36,1036.1
675.75,1051.2
719.24,1082.1
L,A,N,E
619.42,1010.9
587.23,1002.4
587.57,1013.6
620.44,1024.4
L,A,N,E
579.77,1001.1
564.86,1004.8
549.62,1013.6
552.33,1022.4
566.56,1013.2
580.79,1010.5
