L,A,N,E
860.66,2.0432
745.53,221.16
685.23,312.54
671.64,313.15
633.96,252.66
632.72,269.94
667.32,331.67
680.9,334.14
749.57,236.83
878.26,3.1403
L,A,N,E
841.37,5.0743
737.67,213.02
687.19,292.9
670.64,294.14
637.95,243.23
637.95,230.4
672.29,278
688.43,272.62
732.71,200.19
826.84,1.4709
L,A,N,E
845.25,571.4
744.64,608.45
745.87,628.21
843.4,596.1
L,A,N,E
667.32,638.36
636.52,649.18
637.08,660.83
668.15,653.07
L,A,N,E
897.72,1481.1
671.64,1057.6
667.32,1074.3
897.72,1529.8
L,A,N,E
631.8,980
604.06,928.4
603.78,945.05
629.58,995.26
