L,A,N,E
866.66,635.52
801.21,681.38
802.33,703.19
871.69,661.25
L,A,N,E
760.38,710.46
725.14,733.39
726.82,751.29
761.5,729.48
L,A,N,E
703.33,749.12
681.72,764.19
681.72,776.25
703.08,766.2
L,A,N,E
664.7,775.12
526.32,850.49
526.12,854.4
666.83,787.45
L,A,N,E
872.59,1464.6
765.8,1305.3
764.3,1325.1
870.34,1486.3
L,A,N,E
669.14,1156.1
641.85,1114.8
640.51,1123.6
666.61,1166
L,A,N,E
608.5,1059.4
594.72,1039.7
594.72,1047.7
606.74,1065.9
L,A,N,E
848.36,0.5
822.99,150.13
800.59,240.36
772.69,325.7
702.77,449.85
556.78,601.97
556.22,593.58
700.53,433.08
763.74,312.84
787.69,250.8
813.17,147.67
839.93,0.5
L,A,N,E
831.45,1.5727
807.06,147.36
780.98,249.26
756.43,306.66
698.13,421.22
556.67,589.14
556.67,581.47
692.3,409.86
749.08,300.37
771.8,244.84
799.59,145.85
823.56,0.91629
