L,A,N,E
900.16,258.29
827.78,355.94
825.04,337.5
898.79,233.02
L,A,N,E
779.98,426.96
633.47,508.24
633.47,497.44
779.98,408.7
L,A,N,E
627.43,466.96
616.63,435.3
615.12,448.62
623.66,476.51
L,A,N,E
611.43,411.18
603.93,387.94
602.06,395.44
608.81,418.68
L,A,N,E
899.99,1233.1
692.33,1039.3
670.91,1010.2
651.57,971.08
630.05,896.49
595.19,699.63
592.94,706.76
626.52,897.69
646.57,974.83
665.38,1017.7
688.24,1050.4
897.58,1263.9
L,A,N,E
899.37,1301.8
684.09,1062.7
660.07,1023
642.78,977.35
624.61,897.93
591.34,708.33
589.08,713.89
620.56,899.66
638.3,979.88
654.25,1027.3
678.72,1076.7
900.5,1338.1
