L,A,N,E
896.74,481.11
857.82,550.8
788.85,596.57
743.79,687.43
708.96,705.88
709.64,721.59
748.57,712.03
789.54,619.8
865.33,578.81
900.5,515.27
L,A,N,E
898.79,434.66
861.21,510.49
790.82,564.46
745.03,668.99
707.45,686.75
708.13,669.67
740.25,649.86
781.94,546.7
854.37,487.26
898.11,402.55
L,A,N,E
896.75,1310.5
729.93,1183.6
729.93,1205.3
895.91,1343.8
L,A,N,E
721.86,1172.9
694.07,1150
693.57,1171.6
700.81,1178
L,A,N,E
686.49,1143.6
667.63,1127.1
667.29,1143.9
671.84,1146.5
L,A,N,E
661.16,1121.8
650.66,1123.3
650.43,1112.9
