L,A,N,E
670.36,183.4
616.91,235.06
616.91,278.3
672.76,230.85
L,A,N,E
510.51,347.45
483.78,373.74
484.88,403.12
512.5,378.38
L,A,N,E
435.38,423.64
421.09,434.67
421.81,457.64
435.92,446.43
L,A,N,E
390.61,464.2
381.1,470.52
381.03,488.95
391.21,483.49
L,A,N,E
360.5,489.43
354.32,493.06
354.68,509.55
361.59,506.16
L,A,N,E
339.5,504.52
334.27,508.33
334.21,522.28
340.75,519.01
L,A,N,E
325.48,514.85
310.37,522.11
301.19,525.52
294.38,528.18
288.75,528.77
282.68,528.48
277.5,528.03
267.72,524.63
255.88,512.34
243.44,496.94
242.84,503.75
254.84,519.74
264.76,529.37
277.65,536.33
296.6,536.77
325.81,529.05
L,A,N,E
472.25,1280.5
380.6,1013.5
302.08,770.36
265.81,646.03
264.19,648.46
300.61,776.89
377.23,1017.2
466.81,1280.5
