L,A,N,E
718.29,198.84
427.34,496.23
341.5,592.23
301.28,648.42
268.25,715.8
266.34,714.61
298.46,646.79
338.56,588.43
423.91,486.63
719.49,172.17
L,A,N,E
718.84,116.81
410.87,480.89
334.89,581.64
296.54,641.76
264.35,712.2
266.15,713.94
299.53,643.73
338.33,586.24
414.68,488.28
720.1,142.83
L,A,N,E
449.93,915.85
405.36,872.76
404.77,888.61
447.11,932.14
L,A,N,E
346.2,819.58
330.35,805.76
330.1,815.03
345.22,827.95
L,A,N,E
309.1,794.77
298.79,789.07
298.55,796.23
307.4,800.47
L,A,N,E
288.27,789.83
282.38,789.72
282.38,794.51
288.54,794.73
