L,A,N,E
547.38,243.57
469.78,345.81
469.78,361.05
552.29,265.2
L,A,N,E
367.37,476.88
349.29,498.59
349.65,508.72
368.46,489
L,A,N,E
315.1,540.92
304.25,549.6
304.8,557.2
315.47,548.7
L,A,N,E
719.6,1005.7
520.07,860.34
332.37,730.34
303.88,715.97
244.61,674.4
221.2,666.22
221.13,669.55
243.88,679.86
304.37,723.36
330.97,738.37
517.58,878.1
720.5,1040
L,A,N,E
288.74,570.65
283.78,575.61
283.7,581.13
289.22,576.09
L,A,N,E
273.86,588.45
270.21,591.78
270.61,596.82
274.51,593.81
L,A,N,E
263.78,601.24
260.1,604.02
260.3,607.99
264.17,605.51
