L,A,N,E
550.96,291.33
468.58,385.26
469.24,403.38
554.92,314.07
L,A,N,E
367.55,503.04
348.38,522.76
348.2,531.98
367.73,512.63
L,A,N,E
314.99,559.27
306.86,568.54
307.18,573.57
316.12,565.53
L,A,N,E
290.34,584.99
284.99,590.52
285.03,594.94
291.19,589.45
L,A,N,E
275.36,598.58
271.37,602.04
271.23,607.1
275.76,603.9
L,A,N,E
641.42,1280.4
339.41,792.26
288.81,721.53
271.37,703.21
235.98,673.6
235.98,677.89
270.93,708.39
287.36,727.79
335.03,796.5
626.76,1280.5
L,A,N,E
265.96,608.24
235.09,628.29
235.39,631.57
266.95,613.5
