L,A,N,E
897.42,390.44
669.35,636.88
572,728.49
542.99,748.87
520.87,759.42
503.53,759.67
503.03,762.69
521.37,762.69
545,753.39
574.66,734.8
671.4,653.28
897.43,429.88
L,A,N,E
899.48,347.21
664.54,624.12
570.26,720.32
542.18,743.76
518.49,756.18
503.01,756.96
502.73,753.63
518.64,751.82
541.23,737.66
568.87,713.44
662.12,610.77
900.16,317.7
L,A,N,E
899.7,1250.8
775.2,1131
775.88,1157.6
899.7,1287.7
L,A,N,E
663.61,1017.1
631.17,985.82
630.61,999.24
661.94,1031.1
L,A,N,E
594.35,946.37
577.34,928.35
577.51,938.96
593.68,955.63
L,A,N,E
561.1,906.98
547.72,888.26
546.49,896.49
560.48,915.42
